Vardas1 Pavardė1 1 4 2 4 8 6 7 0 2 5 6 3 4 5 4 3 8 5 4 7 6 1 2 3 7 2 5 0 6 3 9 6 8 7 7 6 6 3 2 0 9 4 9 8 2 0 2 4 1 0 1 10 2 9 8 7 10 0 8 7 5 10 2 3 10 6 8 8 5 4 4 6 7 4 0 9 0 9 8 1 3 0 5 2 10 10 0 8 2 0 4 1 3 6 9 3 10 1 9 7
Vardas2 Pavardė2 5 6 2 7 10 2 0 8 5 0 5 3 1 1 5 10 7 2 0 5 10 5 10 5 3 5 3 10 4 8 5 0 7 6 9 7 0 3 7 2 3 3 9 2 0 9 4 10 2 8 3 8 8 3 0 10 3 7 2 4 7 1 9 5 9 6 4 1 4 8 1 4 4 9 9 8 9 5 9 0 10 8 0 4 9 6 0 0 4 3 0 6 6 3 5 0 9 7 4 8
Vardas3 Pavardė3 0 8 5 9 4 7 5 4 10 9 10 7 3 5 8 1 5 1 7 6 5 4 5 8 2 1 1 10 1 10 0 6 2 7 3 5 6 6 0 1 7 3 7 1 6 10 10 0 9 5 1 7 9 7 4 8 2 6 3 3 9 10 10 2 10 0 5 0 8 10 1 4 5 1 7 9 8 4 5 2 9 9 8 5 3 5 3 4 0 8 0 5 5 3 3 0 5 2 0 3
Vardas4 Pavardė4 2 3 9 7 0 6 4 4 9 6 8 5 6 10 10 3 10 9 1 1 9 6 5 6 8 9 8 0 6 1 7 0 3 10 9 4 4 3 3 1 5 6 4 6 4 4 7 6 5 1 0 4 6 0 0 7 9 8 0 4 7 8 5 10 9 1 6 9 6 3 8 4 3 2 0 8 0 2 3 0 0 9 5 4 0 0 6 0 3 2 1 7 8 4 10 0 6 2 10 2
Vardas5 Pavardė5 8 9 0 10 3 4 5 1 3 3 3 0 5 10 7 0 4 5 5 10 6 2 1 4 7 10 1 10 5 5 9 3 3 6 10 0 1 10 6 6 4 3 9 2 10 2 6 9 1 6 5 1 5 9 7 8 10 8 8 6 3 0 4 3 5 2 7 10 4 9 9 9 1 8 2 4 5 5 9 0 3 8 8 6 1 5 7 6 5 6 8 8 7 8 6 5 5 5 4 5
Vardas6 Pavardė6 4 9 4 2 9 7 7 6 10 9 3 2 1 10 3 10 8 1 5 1 7 1 4 7 3 6 10 8 10 9 9 5 6 0 6 2 9 3 6 3 6 8 1 7 5 7 2 8 7 6 2 10 4 2 4 9 4 0 6 5 5 5 6 8 10 7 6 1 7 7 0 7 8 7 3 9 7 8 0 6 10 7 6 1 3 5 3 0 2 7 4 6 10 3 8 8 2 5 2 8
Vardas7 Pavardė7 3 8 0 7 7 1 2 5 2 3 7 9 10 7 5 4 2 2 5 3 10 4 3 0 10 0 5 3 4 6 2 9 1 1 3 8 3 5 8 5 3 8 9 6 9 5 2 6 10 3 7 6 1 10 3 0 5 10 9 4 7 4 10 3 0 3 2 2 8 0 0 0 3 6 4 1 6 9 9 1 9 9 1 4 10 8 6 9 4 1 7 4 3 9 4 8 7 8 4 2
Vardas8 Pavardė8 10 10 1 7 4 0 9 2 3 7 1 5 2 9 8 10 9 10 4 0 7 4 6 0 2 10 2 5 3 8 5 9 10 6 10 4 8 2 1 5 7 10 5 5 0 10 1 8 4 8 6 0 8 2 0 0 3 9 6 10 9 7 4 4 5 3 0 6 10 6 6 9 2 2 8 6 10 3 6 0 5 3 1 2 5 8 2 0 8 7 8 7 2 8 5 8 7 10 1 2
Vardas9 Pavardė9 1 10 8 3 0 7 9 6 6 10 8 7 1 4 7 2 2 7 7 7 8 1 8 4 8 1 2 1 7 6 7 7 2 10 1 0 9 10 1 9 8 9 8 0 0 8 1 7 10 0 9 9 9 9 8 8 9 6 6 2 10 1 1 3 4 0 6 8 5 2 5 4 3 1 8 8 6 2 6 3 6 6 7 7 7 1 4 0 9 6 5 7 1 9 5 7 6 8 5 5
Vardas10 Pavardė10 2 2 6 5 7 6 2 5 6 6 4 6 5 3 0 5 6 10 9 2 0 8 9 1 0 4 6 6 6 4 9 0 0 6 0 7 0 4 8 10 9 5 1 1 2 3 6 4 2 8 10 9 4 8 6 9 6 7 9 1 6 5 0 0 5 0 4 7 6 4 2 5 1 6 5 5 9 8 6 9 5 9 9 4 9 9 4 5 3 10 9 1 6 0 3 9 8 5 9 1
Vardas11 Pavardė11 1 4 3 6 10 4 5 10 3 4 0 9 5 7 7 0 2 1 8 2 9 3 4 9 5 2 10 10 3 10 5 7 9 10 10 10 4 0 4 8 10 10 6 4 2 8 10 1 1 6 1 10 0 2 2 1 6 4 8 0 0 5 10 1 5 3 2 10 2 10 5 2 7 5 6 3 0 7 8 0 2 1 2 0 8 1 5 10 3 5 8 5 1 5 3 8 9 4 7 5
Vardas12 Pavardė12 4 10 6 4 9 5 5 4 7 4 0 8 6 10 2 8 4 6 1 7 2 1 6 5 10 0 10 6 0 0 7 3 4 3 9 9 7 7 5 3 3 10 8 2 7 0 5 5 2 4 10 7 1 0 1 8 6 2 0 1 3 0 3 5 3 2 1 5 9 5 10 8 5 8 2 1 0 9 10 2 5 5 6 2 2 8 4 10 1 2 2 1 7 5 2 9 1 6 3 6
Vardas13 Pavardė13 9 10 5 4 3 8 9 2 3 10 3 0 0 5 8 0 5 8 2 2 8 1 4 9 5 5 6 10 9 6 0 3 7 9 5 9 4 10 4 6 10 0 0 1 10 2 10 5 4 0 7 9 0 7 7 10 9 7 3 5 3 8 9 10 1 7 2 8 7 3 9 10 4 5 7 9 1 7 3 10 5 2 0 8 6 0 0 8 0 9 2 9 2 9 1 2 1 7 10 4
Vardas14 Pavardė14 4 7 1 3 10 1 4 10 9 8 7 6 1 0 2 10 8 5 8 6 9 8 2 1 7 0 10 5 1 3 5 5 7 2 7 2 9 0 8 8 4 8 5 4 5 3 0 6 5 9 7 7 7 9 4 1 1 5 6 6 9 3 4 1 2 3 8 2 5 3 6 10 4 8 3 6 4 10 3 8 7 2 10 5 7 6 0 5 10 3 9 4 1 8 9 9 9 1 4 3
Vardas15 Pavardė15 7 6 4 8 8 4 4 8 2 10 1 8 7 4 10 5 6 9 1 8 2 3 6 7 6 1 0 7 6 5 3 2 4 6 3 8 0 2 5 6 8 4 0 0 8 8 0 7 0 1 9 9 9 7 9 6 4 5 10 3 9 5 5 9 6 5 8 8 9 3 1 6 0 7 3 7 3 9 4 0 0 7 8 9 3 5 0 1 8 4 4 6 6 0 4 0 0 5 1 0
Vardas16 Pavardė16 5 2 3 9 2 7 9 4 8 1 3 0 8 1 3 7 9 4 10 10 8 0 10 6 9 5 6 3 3 7 1 1 3 8 10 10 10 4 6 3 3 0 4 8 3 1 3 4 6 6 3 6 4 4 7 10 1 0 0 8 2 7 5 2 9 2 8 7 7 1 8 7 3 4 8 5 4 5 2 0 8 1 0 8 2 5 7 5 8 2 7 9 3 4 2 2 6 8 1 2
Vardas17 Pavardė17 0 1 5 2 0 7 6 9 1 4 8 10 10 3 7 1 5 9 9 9 4 7 3 5 5 10 4 5 0 9 9 9 5 6 9 4 7 2 4 10 7 8 5 10 10 10 2 3 4 4 6 6 5 10 10 9 6 5 7 5 8 0 1 9 4 6 1 9 7 8 3 2 0 1 1 10 9 10 1 8 3 4 0 2 4 2 5 4 1 1 4 4 5 9 10 6 10 2 0 10
Vardas18 Pavardė18 0 2 2 3 5 7 1 5 4 5 8 2 3 9 8 6 9 8 4 6 5 8 6 10 6 0 3 8 1 1 10 2 3 10 5 7 3 5 4 3 7 4 6 6 9 10 7 2 3 3 8 7 9 0 3 7 1 7 1 5 3 1 1 2 2 2 10 7 7 2 3 0 9 2 3 7 2 10 1 0 10 9 3 9 1 10 0 8 7 5 1 9 5 3 3 2 8 1 2 10
Vardas19 Pavardė19 6 9 3 7 1 10 8 1 6 3 1 1 3 5 2 3 1 4 2 10 8 8 10 0 3 10 0 6 5 5 1 0 3 10 1 2 9 7 9 3 0 10 3 3 7 10 5 5 8 5 5 8 5 3 9 7 9 7 1 2 2 8 2 9 5 5 1 7 4 7 8 10 10 4 10 4 0 0 10 6 4 10 1 6 8 10 1 7 6 5 4 2 0 4 10 9 3 8 1 2
Vardas20 Pavardė20 7 5 6 0 9 6 4 1 0 8 10 3 8 6 5 8 8 1 9 9 9 4 5 0 4 5 6 6 8 6 0 9 10 9 0 8 1 7 7 6 0 5 7 6 9 6 5 2 1 4 1 10 9 4 9 2 6 4 0 8 5 9 9 7 10 6 4 8 0 3 2 8 7 0 3 10 2 10 4 5 0 4 3 10 4 2 0 2 7 1 4 7 6 0 0 6 6 4 2 3
Vardas21 Pavardė21 3 7 4 5 10 7 5 0 4 3 5 0 1 5 9 3 6 7 4 3 5 4 9 6 0 3 4 9 4 6 0 1 10 6 5 6 2 2 2 10 1 0 8 3 9 4 5 9 9 6 8 8 10 9 9 9 4 1 7 3 3 9 6 2 0 3 7 1 8 5 0 2 10 0 7 10 3 6 9 0 2 9 4 5 1 7 4 10 4 9 10 6 0 2 0 3 5 6 2 9
Vardas22 Pavardė22 2 3 2 3 5 8 3 7 10 7 3 4 0 0 10 3 2 9 5 8 4 8 5 7 6 2 3 1 6 3 0 10 5 3 4 6 5 8 9 2 5 7 5 0 7 4 2 8 5 3 7 6 6 6 9 7 4 1 1 9 6 2 7 9 4 1 9 9 8 2 9 3 1 6 6 8 3 4 0 8 2 3 4 9 2 4 3 7 0 1 0 10 5 2 6 3 0 8 0 9
Vardas23 Pavardė23 6 2 7 8 0 0 7 8 9 8 10 7 3 1 4 10 4 3 4 8 1 3 6 1 0 2 7 10 2 1 10 3 4 1 8 4 8 1 3 8 9 4 2 7 6 6 8 5 2 7 8 10 3 1 3 1 1 8 10 6 1 2 3 3 1 2 2 3 9 1 5 0 9 8 3 2 3 1 0 6 10 7 5 3 4 0 5 2 0 7 8 7 6 1 3 4 6 9 1 8
Vardas24 Pavardė24 9 1 5 1 2 2 4 10 10 4 5 6 7 8 6 4 1 6 2 3 10 5 8 0 8 8 7 2 1 7 10 10 4 4 7 2 10 10 4 2 6 5 5 7 6 7 0 6 5 7 10 2 9 4 4 7 2 1 3 7 4 1 10 9 8 3 0 4 8 10 6 6 6 7 0 10 5 10 8 4 3 8 7 2 1 2 4 8 2 7 7 6 1 7 4 1 6 6 0 6
Vardas25 Pavardė25 5 1 8 7 9 1 3 5 0 4 9 7 4 0 10 10 1 9 5 1 2 4 9 8 0 10 9 6 2 1 5 5 0 2 0 7 9 6 4 1 0 10 9 0 9 1 6 1 3 10 4 9 10 9 7 4 2 5 2 7 0 8 3 2 10 6 9 1 5 10 6 4 5 8 7 4 9 7 4 8 3 2 1 3 7 8 10 1 0 3 9 6 10 6 1 9 7 6 2 0
Vardas26 Pavardė26 6 2 9 2 4 9 9 8 6 4 3 10 9 7 2 10 8 7 5 8 2 10 4 3 4 1 8 9 5 10 10 4 8 10 1 10 4 1 5 6 2 10 1 7 6 0 5 10 8 10 0 7 10 6 9 0 10 2 6 2 7 10 2 6 8 10 2 0 10 10 0 1 4 3 10 4 0 7 3 10 4 4 10 8 4 1 2 4 9 4 1 8 0 3 8 0 7 9 8 4
Vardas27 Pavardė27 3 6 8 4 10 4 1 1 1 10 1 5 2 2 0 8 3 3 2 9 4 7 6 6 9 9 9 9 1 0 2 7 10 4 9 4 1 8 4 8 8 10 8 10 5 5 6 2 9 2 9 3 2 6 9 0 8 7 1 2 5 8 4 10 5 0 10 0 4 9 6 10 6 10 4 0 1 0 8 9 0 9 5 4 8 8 3 1 0 8 6 3 8 2 5 8 5 5 9 4
Vardas28 Pavardė28 6 7 5 8 9 6 2 9 1 3 7 1 9 7 0 0 3 1 0 9 9 10 6 1 9 4 0 9 7 10 2 2 7 4 2 3 8 5 2 5 7 4 2 4 1 3 9 7 5 1 6 4 2 1 5 0 4 9 8 3 8 2 8 3 9 2 3 0 7 3 2 7 5 4 10 5 5 3 7 6 7 9 5 3 6 5 0 6 2 5 3 9 9 9 10 0 3 6 8 2
Vardas29 Pavardė29 5 1 3 2 9 6 3 9 7 8 1 7 1 10 8 7 4 9 4 4 5 0 0 1 3 7 6 0 8 1 0 9 6 10 4 0 6 7 9 3 4 7 0 8 6 6 8 8 7 4 6 3 1 0 8 7 8 10 4 10 0 10 8 6 10 2 6 9 2 1 10 0 1 9 5 8 10 6 8 4 9 5 0 10 5 3 2 7 8 3 6 8 2 2 3 4 9 7 7 9
Vardas30 Pavardė30 4 5 9 5 5 0 9 0 7 3 9 8 6 8 10 4 0 5 9 2 9 2 6 8 10 7 4 5 6 9 3 10 8 4 0 0 8 1 0 7 9 3 9 2 3 8 2 0 7 3 4 5 4 4 9 4 1 4 2 2 5 9 6 5 9 9 4 5 7 6 5 6 7 9 4 0 5 5 0 8 6 9 3 8 9 3 5 10 3 2 4 7 2 1 1 9 4 5 6 5
Vardas31 Pavardė31 7 9 8 10 5 8 7 9 5 7 4 0 10 3 6 1 1 10 2 8 0 3 5 4 4 8 1 4 1 3 7 2 10 10 10 7 1 7 2 7 4 2 7 6 5 1 9 0 0 6 5 1 0 6 3 1 7 0 1 8 4 1 9 7 8 4 3 5 8 10 6 1 3 8 6 8 0 10 10 0 2 1 2 1 0 1 3 2 6 7 8 7 4 8 4 8 1 9 5 3
Vardas32 Pavardė32 6 7 9 3 0 2 5 6 8 4 10 5 7 7 3 9 10 8 3 1 7 4 7 3 6 5 10 3 10 5 7 4 5 4 3 9 4 1 1 0 10 9 8 2 1 3 0 6 4 0 0 3 1 2 1 9 7 0 10 6 7 10 6 3 9 10 5 5 0 10 4 10 6 0 5 6 3 10 8 6 5 0 8 9 3 6 3 8 0 5 1 5 0 1 8 7 6 0 9 3
Vardas33 Pavardė33 6 5 3 10 0 6 6 4 8 4 0 2 9 1 5 6 10 5 5 0 1 9 1 7 5 1 0 3 9 10 6 6 4 10 1 5 5 7 0 5 8 10 1 0 7 0 0 1 1 10 4 1 9 2 1 9 2 8 4 10 0 10 1 1 8 6 2 0 10 3 6 0 8 6 10 7 6 3 7 8 8 3 4 8 1 8 2 6 8 1 4 5 3 2 3 2 6 3 6 7
Vardas34 Pavardė34 9 8 5 3 6 6 5 2 8 1 7 5 10 7 3 8 9 8 8 0 0 4 6 3 9 8 0 5 8 9 1 10 6 6 2 6 3 8 5 1 4 8 8 10 5 9 7 6 7 9 8 8 6 10 1 2 7 9 2 6 6 8 8 0 1 8 9 1 9 1 4 10 10 0 4 1 5 2 10 7 9 7 2 3 0 8 1 10 1 3 0 7 0 9 7 7 4 5 8 3
Vardas35 Pavardė35 10 9 9 8 3 0 8 8 3 3 10 3 1 8 3 10 3 1 10 3 3 8 7 8 5 9 1 9 4 9 3 8 2 4 4 8 7 4 4 8 2 4 9 1 8 2 3 10 2 1 9 7 0 3 9 4 8 4 2 7 9 0 8 7 5 1 6 2 3 6 1 5 5 4 6 2 7 7 5 5 0 0 10 1 7 10 0 2 6 5 9 3 8 0 1 9 6 8 8 3
Vardas36 Pavardė36 8 10 4 7 1 8 4 1 9 7 6 6 10 9 4 10 3 1 4 8 1 2 1 10 6 3 1 1 9 9 7 1 3 4 0 2 5 9 7 4 5 4 10 2 2 8 6 0 1 1 0 5 9 9 7 1 7 3 3 9 8 8 3 6 6 0 2 9 9 4 4 10 2 3 10 0 6 1 1 2 7 7 1 0 6 10 1 7 10 0 10 3 3 6 1 3 5 7 0 7
Vardas37 Pavardė37 1 4 2 1 8 8 2 8 4 5 1 10 6 8 9 0 10 6 8 2 8 1 0 9 7 1 8 0 4 7 4 3 6 1 8 3 4 2 8 0 8 8 2 8 1 4 1 0 7 9 9 7 2 8 4 8 9 4 6 3 6 1 3 9 6 5 9 2 1 10 10 7 1 0 3 5 6 6 10 1 5 6 3 8 1 1 5 3 2 5 10 4 8 1 10 2 0 8 0 9
Vardas38 Pavardė38 8 7 5 2 10 5 10 0 1 0 5 0 6 4 8 6 1 4 6 0 0 9 7 4 9 2 10 10 10 7 9 4 9 10 9 6 3 8 1 0 3 0 9 9 5 4 6 10 3 1 5 0 8 2 4 3 7 1 4 0 1 10 8 3 8 3 8 9 8 1 4 4 7 6 1 1 7 4 0 5 10 4 2 1 6 5 3 3 6 4 9 9 2 3 10 7 10 3 10 0
Vardas39 Pavardė39 6 7 4 9 8 10 10 0 5 5 1 2 0 6 3 6 8 7 10 2 4 3 1 6 8 10 2 1 7 2 1 9 3 5 9 7 1 8 10 1 8 10 7 0 6 0 10 7 1 5 3 9 8 6 3 8 10 4 3 6 6 1 5 7 3 0 2 7 3 10 8 1 7 5 2 2 3 10 1 8 1 4 1 4 9 4 2 1 2 2 0 4 6 8 10 8 8 7 2 3
Vardas40 Pavardė40 1 1 3 2 6 5 3 6 0 4 0 4 6 1 8 5 8 6 3 9 0 0 0 3 5 5 3 10 7 5 7 3 8 1 1 10 7 4 4 6 10 6 5 2 6 5 3 3 9 3 3 6 2 1 4 1 6 1 1 0 4 0 9 4 8 8 7 5 3 7 10 1 4 0 10 10 10 7 7 8 1 0 5 0 4 3 4 1 9 8 8 4 2 4 7 0 1 4 5 6
Vardas41 Pavardė41 2 3 9 7 6 4 3 7 8 10 1 3 1 1 10 2 5 1 6 9 3 8 6 7 1 9 5 6 1 10 7 10 5 9 3 10 4 7 6 1 7 3 6 7 4 10 8 10 10 3 7 7 6 3 1 10 9 10 6 1 7 3 8 4 4 2 7 7 9 5 7 7 5 10 10 1 8 5 10 6 9 8 7 2 8 7 2 2 10 3 10 5 2 9 10 9 10 8 1 2
Vardas42 Pavardė42 10 5 10 6 10 10 10 6 7 3 6 3 7 8 4 2 5 3 7 7 6 0 7 3 1 9 3 1 3 1 5 9 10 6 9 2 2 5 9 4 6 5 1 10 9 0 1 10 6 9 2 3 4 10 7 2 10 1 6 0 2 4 2 1 2 4 9 5 0 9 8 10 2 9 4 0 8 1 3 9 5 7 1 7 0 2 9 3 0 5 7 2 0 4 0 1 10 4 10 3
Vardas43 Pavardė43 9 10 9 8 1 5 6 9 10 4 4 1 9 6 6 6 0 4 4 0 4 0 1 1 0 4 2 7 2 2 8 4 2 10 8 8 5 10 4 5 2 0 6 1 3 7 8 2 0 2 9 2 3 8 3 2 1 5 3 6 4 4 10 9 1 9 1 10 3 10 4 0 0 4 8 2 10 6 4 2 5 7 6 9 3 8 3 6 8 8 3 2 2 9 3 8 2 8 5 0
Vardas44 Pavardė44 10 1 7 0 2 1 3 0 5 6 4 3 10 8 2 2 3 5 0 8 9 9 6 5 0 7 8 4 1 4 7 10 7 2 2 10 8 3 8 5 2 3 7 3 0 2 2 1 4 10 8 8 3 9 0 10 10 2 7 6 9 6 4 2 0 10 4 1 4 5 2 3 1 3 0 3 5 3 7 7 3 4 2 6 8 8 10 5 10 2 9 0 9 9 0 3 3 6 5 1
Vardas45 Pavardė45 6 8 3 5 3 5 9 8 6 7 2 0 8 6 1 4 1 7 4 6 6 0 10 9 8 4 2 1 3 3 3 10 4 1 10 8 0 3 0 6 8 8 1 2 0 6 10 3 8 6 8 8 0 1 5 5 3 8 0 4 3 2 2 0 2 3 4 5 7 10 9 8 9 6 3 4 8 2 7 1 4 1 5 4 10 3 5 7 4 2 2 3 9 3 9 5 9 10 3 1
Vardas46 Pavardė46 7 9 5 1 4 6 0 4 3 8 3 10 8 0 10 2 10 4 10 9 0 2 9 1 2 4 9 3 2 5 4 8 1 4 7 2 4 10 3 0 4 6 0 9 3 9 8 5 1 4 8 8 2 9 8 3 0 7 4 7 2 7 10 9 2 2 7 0 2 1 7 4 5 6 10 1 8 7 3 1 1 10 5 5 5 2 5 5 5 0 6 1 3 7 9 7 2 5 9 2
Vardas47 Pavardė47 5 1 4 8 7 5 8 1 0 0 9 10 10 0 0 6 4 1 7 1 10 1 1 6 3 5 9 1 3 2 8 0 7 9 6 4 4 3 2 1 8 2 7 3 1 1 2 2 6 5 5 9 5 10 3 6 9 6 0 2 4 4 3 3 3 8 5 9 0 9 5 10 5 9 3 2 3 10 5 7 10 6 8 0 10 3 1 8 3 10 4 10 9 2 3 2 0 4 7 1
Vardas48 Pavardė48 3 9 7 6 2 5 6 5 1 5 10 4 0 5 8 4 0 0 10 0 7 5 2 9 0 2 9 10 7 9 3 8 9 1 8 3 0 6 1 2 0 4 10 10 6 7 5 5 5 10 5 4 9 9 5 9 2 3 8 3 2 6 4 8 2 6 6 8 3 2 2 5 7 8 9 5 6 0 7 2 10 6 5 6 9 9 8 5 3 8 3 5 1 4 2 3 6 3 7 4
Vardas49 Pavardė49 2 10 5 4 5 6 7 0 6 10 3 2 6 10 7 8 9 6 1 6 5 1 8 5 9 5 1 2 4 3 0 0 8 3 9 0 1 6 1 10 6 7 0 2 1 8 6 9 5 4 3 6 6 0 7 7 2 1 2 0 4 0 10 3 5 8 9 6 2 9 3 1 3 0 7 8 7 8 2 10 8 6 5 9 2 10 9 2 2 0 7 0 8 7 3 8 8 9 0 5
Vardas50 Pavardė50 2 10 6 10 2 9 0 10 7 3 2 1 6 6 2 6 3 5 7 1 10 7 8 2 2 3 6 2 0 5 6 2 1 1 1 2 9 7 7 9 2 4 8 10 0 2 4 2 3 6 1 10 6 1 10 9 6 10 9 0 10 4 7 3 6 10 9 7 3 8 6 4 7 5 3 8 10 7 10 9 7 4 9 10 0 1 3 2 8 8 7 5 4 7 6 7 6 7 1 3
Vardas51 Pavardė51 6 8 10 2 9 7 1 6 2 5 9 6 2 9 3 7 4 4 9 0 3 1 7 5 8 1 9 1 8 4 0 9 5 8 5 1 8 10 2 7 5 4 6 10 8 2 4 1 8 6 4 3 9 10 4 6 3 10 5 6 7 3 0 2 9 9 2 2 5 1 5 8 4 8 5 8 3 7 7 2 9 7 7 10 2 4 1 3 0 6 0 0 7 0 3 8 1 6 4 9
Vardas52 Pavardė52 4 10 2 4 1 0 1 2 1 3 5 2 1 2 5 7 0 3 6 3 5 9 6 2 3 0 9 5 8 2 2 3 1 6 2 10 4 8 7 7 7 1 9 5 0 0 4 0 8 1 5 9 1 9 4 8 7 6 4 7 10 3 0 1 1 4 7 5 8 10 10 2 5 2 5 3 6 10 0 9 0 7 6 4 2 0 1 6 9 8 6 8 8 3 6 7 6 7 1 7
Vardas53 Pavardė53 0 8 4 8 5 9 8 9 3 1 0 5 6 7 2 5 3 5 5 10 7 4 4 1 6 3 1 7 1 9 8 0 5 2 4 7 8 3 4 5 8 1 6 3 3 9 7 8 1 10 8 7 7 5 9 0 10 10 7 6 9 2 0 10 10 9 2 0 5 8 7 9 9 0 0 6 10 2 6 10 7 6 8 4 8 10 7 2 3 4 10 3 7 1 3 10 10 6 9 3
Vardas54 Pavardė54 2 2 9 1 0 3 7 9 5 4 7 6 9 7 5 8 7 7 7 8 3 9 9 6 10 7 9 4 10 0 7 10 0 9 1 1 5 9 10 5 9 4 0 9 8 3 5 6 10 3 1 10 9 0 2 5 4 2 2 9 0 9 5 8 9 9 0 0 5 9 3 10 3 7 6 8 7 9 9 4 3 5 4 7 5 7 10 9 0 8 8 8 9 0 2 5 5 7 5 2
Vardas55 Pavardė55 4 9 5 8 10 8 8 5 1 9 4 0 3 4 1 0 4 2 9 1 6 8 10 2 8 3 0 4 8 6 5 3 4 8 5 6 9 9 1 10 7 3 10 2 4 9 5 4 1 5 10 0 0 2 3 3 9 0 5 8 4 3 3 0 10 7 8 8 1 2 0 7 0 3 4 5 4 8 4 0 1 8 4 9 10 9 10 10 2 3 7 7 1 5 0 7 6 8 4 6
Vardas56 Pavardė56 8 8 1 0 4 8 6 6 6 5 6 2 1 8 7 9 1 10 9 9 5 9 2 1 2 6 8 10 8 3 10 9 6 6 3 5 10 3 6 1 3 0 1 3 2 7 2 5 10 7 3 10 6 6 3 6 8 0 4 7 9 10 2 9 8 0 9 10 0 9 6 5 2 9 0 6 5 4 0 10 4 7 1 4 0 8 9 1 8 10 4 6 3 6 10 4 10 6 10 7
Vardas57 Pavardė57 6 4 10 3 9 4 6 7 5 0 9 7 5 0 2 0 10 8 10 0 8 0 4 3 0 6 3 0 5 0 8 5 1 3 0 7 8 2 6 2 10 7 3 2 3 6 1 4 7 9 2 2 1 5 9 3 0 4 7 0 10 8 1 7 1 5 3 3 1 7 9 1 4 8 10 7 4 6 3 6 9 10 2 0 0 4 2 8 2 10 8 0 5 7 4 7 5 5 6 1
Vardas58 Pavardė58 4 9 5 4 8 9 10 2 1 3 9 7 0 9 7 6 3 7 3 9 7 1 7 3 9 10 8 4 1 3 0 5 2 7 3 9 9 6 3 0 6 10 9 3 5 7 4 9 2 9 2 3 1 6 9 8 9 8 5 6 4 1 1 9 4 9 10 2 5 10 10 2 0 6 9 5 7 0 3 3 9 9 1 5 2 0 5 4 3 4 1 6 0 8 3 2 2 0 2 10
Vardas59 Pavardė59 8 9 10 1 1 4 5 3 6 6 1 8 2 2 2 2 0 1 9 10 8 5 7 0 1 6 0 7 9 6 3 9 2 1 8 3 3 8 7 8 4 9 5 5 2 4 4 0 6 1 3 9 9 0 1 4 9 3 8 2 7 8 0 7 9 10 5 5 9 0 8 5 8 6 1 8 10 9 7 4 8 2 9 8 3 4 6 4 10 7 7 6 6 5 7 5 1 3 2 7
Vardas60 Pavardė60 0 2 7 3 0 2 7 1 1 9 6 2 3 4 2 9 10 3 6 8 2 10 8 6 2 7 9 7 8 9 5 1 3 0 4 7 9 8 1 9 9 7 2 8 6 2 4 4 4 5 5 1 8 2 10 0 0 3 7 4 5 1 4 5 9 10 8 4 0 3 4 1 7 1 6 3 10 0 1 0 5 1 10 4 5 1 5 2 1 9 8 3 9 5 2 4 7 6 4 3
Vardas61 Pavardė61 3 4 5 3 3 3 4 3 0 6 3 10 8 7 0 9 6 7 3 2 9 5 1 7 7 0 1 9 1 9 6 2 9 1 10 0 9 4 7 7 3 9 0 8 5 9 3 2 3 4 4 3 7 3 10 10 10 5 7 2 6 8 9 8 9 6 3 2 1 6 6 6 8 10 9 9 1 4 8 5 3 5 7 9 9 5 10 3 8 10 0 0 5 7 4 7 0 10 10 8
Vardas62 Pavardė62 0 8 4 7 5 6 5 0 0 4 2 6 8 4 10 5 4 1 1 2 7 10 1 10 6 2 3 9 0 6 7 6 9 2 7 2 0 0 1 5 2 8 10 6 8 9 10 0 3 5 7 4 6 0 0 7 10 0 7 6 4 8 6 9 7 9 6 7 2 9 0 6 6 3 1 6 9 0 2 1 8 9 6 4 1 8 4 4 10 6 8 5 0 5 7 9 3 6 5 5
Vardas63 Pavardė63 5 5 6 10 10 3 8 1 1 9 2 10 10 0 1 2 9 5 1 2 9 9 9 4 8 6 4 9 6 8 10 5 7 6 2 0 2 0 6 2 10 1 5 3 2 8 10 1 5 7 5 8 5 3 9 10 0 5 5 3 3 2 2 1 9 5 1 5 2 2 8 9 10 1 3 9 5 1 4 1 8 3 2 1 3 8 2 2 4 8 6 2 5 2 0 2 5 0 2 4
Vardas64 Pavardė64 10 0 8 9 8 8 10 3 3 9 7 3 2 7 1 5 7 1 0 8 8 5 7 10 2 4 5 3 8 5 4 9 8 4 1 3 7 8 8 2 0 5 0 10 2 8 4 3 3 8 9 10 10 3 9 3 3 6 7 0 9 2 0 6 3 1 7 4 3 4 8 4 6 2 0 6 2 2 10 4 3 10 5 10 1 4 2 1 8 1 6 2 6 7 9 8 6 3 0 3
Vardas65 Pavardė65 0 6 7 3 2 8 4 7 4 9 2 2 0 10 2 7 1 5 7 5 6 2 5 9 7 4 7 3 0 5 8 3 5 0 5 1 2 5 10 7 9 0 7 7 3 3 1 7 5 0 7 2 10 7 6 1 9 4 1 8 5 7 6 1 3 2 3 1 2 6 3 7 0 10 9 7 9 1 3 7 6 2 8 8 9 9 0 6 8 5 5 5 1 2 3 5 8 0 2 8
Vardas66 Pavardė66 5 4 1 9 8 8 6 4 1 7 10 7 9 9 8 2 5 1 7 9 0 10 3 10 4 8 8 9 4 9 6 9 7 6 4 10 9 1 5 8 9 5 10 8 7 10 0 7 10 6 6 3 8 3 8 8 4 2 9 3 4 0 7 7 3 10 0 4 5 10 6 0 5 9 1 5 8 3 1 6 5 2 6 0 2 10 8 1 1 3 1 5 7 3 1 7 0 4 9 0
Vardas67 Pavardė67 5 6 8 0 2 7 3 5 3 3 8 2 0 10 8 4 3 2 6 8 6 9 0 2 8 6 6 2 9 2 10 5 7 7 3 8 5 7 0 10 7 0 7 9 3 0 0 9 2 0 3 0 6 5 9 7 2 4 4 5 6 3 7 0 2 9 10 2 10 2 10 3 3 4 10 3 10 3 1 3 6 6 10 2 0 9 5 7 8 2 2 7 7 3 6 3 2 6 10 0
Vardas68 Pavardė68 6 5 6 5 9 2 5 1 10 10 6 4 7 5 8 4 3 5 9 10 1 2 3 3 4 4 1 2 5 4 8 4 6 3 8 1 7 8 9 6 5 4 4 1 5 10 9 7 9 6 7 4 2 9 2 7 9 8 9 1 4 4 6 9 7 2 2 2 0 8 1 10 9 7 9 0 10 5 6 7 5 3 0 8 4 0 6 0 9 1 9 0 2 10 4 2 5 7 5 1
Vardas69 Pavardė69 6 8 6 5 5 6 4 10 0 0 9 4 3 10 6 1 8 7 10 6 1 3 0 10 5 10 8 9 5 9 2 9 8 0 8 8 8 8 0 7 4 10 8 5 10 8 9 0 0 2 3 4 8 2 6 4 5 9 1 5 4 2 7 9 5 7 2 4 10 6 2 5 6 10 6 0 4 0 5 1 2 2 1 0 10 4 2 2 1 10 2 4 0 6 8 4 5 8 1 3
Vardas70 Pavardė70 2 6 0 8 2 4 10 8 0 2 3 4 10 6 6 5 4 5 1 4 10 10 5 3 9 10 10 2 1 3 4 5 7 5 4 9 5 6 0 4 2 1 8 10 1 8 5 6 6 2 1 3 9 7 5 8 4 7 5 9 2 5 10 10 10 3 9 7 0 1 0 6 4 1 1 3 0 5 1 5 9 0 5 10 1 0 9 0 2 3 2 9 1 10 3 7 4 4 8 1
Vardas71 Pavardė71 10 8 1 9 7 7 1 9 9 2 2 4 5 1 0 8 6 6 4 7 0 4 4 2 9 8 1 0 5 4 7 2 4 6 8 2 5 8 3 6 3 4 0 0 6 9 9 5 9 0 9 7 8 5 3 0 9 2 2 0 3 6 4 2 4 0 9 10 9 1 6 10 1 5 7 7 9 3 1 8 7 10 9 5 7 0 7 9 9 1 9 1 0 10 8 4 0 2 5 10
Vardas72 Pavardė72 8 4 4 3 2 7 3 1 8 4 8 4 1 6 9 9 10 0 9 4 7 9 7 2 9 1 1 10 8 2 1 6 1 3 8 6 9 1 4 4 8 8 1 1 6 5 7 7 0 3 4 8 10 2 0 2 0 3 4 2 10 7 2 1 0 7 3 0 4 3 4 4 10 6 2 3 1 4 6 7 1 10 0 10 10 7 3 6 2 2 8 9 4 1 1 1 3 0 0 4
Vardas73 Pavardė73 6 3 4 5 8 0 10 2 6 10 5 1 7 7 4 1 8 7 7 5 6 6 9 9 5 9 1 9 4 10 1 4 0 6 3 2 9 7 1 2 1 5 6 5 2 5 4 10 0 3 0 5 6 2 2 9 3 0 7 3 9 0 0 7 7 10 7 10 1 5 3 3 5 7 7 0 9 1 4 0 3 2 7 10 10 7 4 2 0 2 3 6 8 0 0 7 5 2 2 3
Vardas74 Pavardė74 2 3 0 7 8 8 7 4 7 5 4 10 7 9 7 2 6 1 9 10 5 0 5 10 1 7 6 3 10 2 0 1 9 9 1 1 4 5 10 4 0 6 7 10 2 5 0 5 5 6 9 10 5 1 3 1 2 1 0 6 4 3 9 10 8 6 0 0 3 9 2 5 3 9 1 9 6 7 0 8 2 6 1 8 1 2 3 7 10 9 6 4 5 2 2 1 9 5 4 5
Vardas75 Pavardė75 10 3 1 9 6 8 10 8 2 4 0 0 4 9 4 10 3 8 10 3 6 8 1 10 5 6 7 9 6 9 3 10 0 10 10 1 6 7 8 8 4 5 1 6 1 10 5 7 7 8 0 10 3 9 8 0 3 8 6 5 7 10 3 5 2 8 8 5 4 5 1 10 3 5 0 10 7 6 2 9 5 8 2 6 0 6 4 8 5 8 7 5 9 5 8 3 5 4 2 9
Vardas76 Pavardė76 6 3 0 9 10 2 1 10 2 4 1 3 1 8 0 2 6 1 2 9 3 7 0 7 8 6 10 9 1 1 8 9 7 1 1 4 9 5 6 10 8 7 4 7 6 6 4 10 0 5 7 10 6 3 2 10 8 1 3 9 8 4 2 8 4 10 5 3 9 5 3 0 10 7 3 4 1 3 3 5 6 7 0 9 0 1 9 9 9 7 1 1 3 8 5 1 10 1 5 2
Vardas77 Pavardė77 6 7 6 10 5 0 1 0 8 6 6 10 5 9 8 4 4 2 5 9 5 0 10 5 6 3 5 3 8 3 2 8 8 0 9 5 8 4 1 8 0 4 4 8 8 4 7 0 8 3 9 5 1 5 0 7 7 4 1 6 5 7 2 10 0 10 5 6 1 7 0 8 3 10 10 1 3 5 9 1 2 7 5 8 10 0 7 10 7 0 7 8 6 10 2 5 7 4 10 7
Vardas78 Pavardė78 8 3 2 2 7 2 2 10 10 9 4 8 8 5 8 8 0 0 7 3 7 6 10 3 5 4 8 0 7 1 8 4 0 6 7 0 10 3 5 2 10 2 9 2 6 2 6 10 6 10 4 7 7 10 8 8 0 6 7 6 8 9 1 10 7 0 2 9 4 2 0 10 2 0 7 2 10 10 4 8 4 1 0 9 10 4 8 4 0 6 3 6 7 2 10 5 5 9 6 0
Vardas79 Pavardė79 10 0 8 6 3 5 10 5 7 2 9 9 9 3 7 10 0 9 7 0 2 6 7 3 10 0 7 8 0 7 4 8 2 5 10 2 1 3 2 8 4 10 4 4 2 0 2 4 3 9 7 3 7 7 5 10 10 6 3 1 7 9 8 10 8 2 6 6 1 6 8 10 8 0 0 4 1 2 2 6 7 10 8 7 1 5 7 1 9 2 9 9 6 3 4 5 1 5 10 9
Vardas80 Pavardė80 4 5 4 0 6 0 3 6 6 0 0 7 5 8 4 0 5 3 1 4 3 8 7 9 6 9 9 8 4 1 4 3 8 8 1 0 0 9 0 9 10 10 6 8 6 6 8 5 5 5 9 4 6 0 2 2 6 2 8 7 6 6 8 9 6 2 5 2 10 8 7 6 2 8 3 2 6 9 0 5 6 9 2 9 8 9 9 7 10 4 9 4 6 3 10 10 8 7 8 10
Vardas81 Pavardė81 0 10 3 8 3 2 3 4 1 1 7 0 5 8 8 4 6 7 1 4 9 1 7 0 6 0 1 1 5 1 0 2 1 3 10 2 5 7 7 6 5 8 3 6 4 2 10 0 8 2 2 4 9 9 3 7 2 10 4 9 2 3 3 7 2 3 10 0 5 0 1 1 1 9 3 0 6 4 3 5 1 9 5 3 3 4 2 8 5 5 0 2 7 3 6 8 7 7 5 10
Vardas82 Pavardė82 0 5 8 5 1 6 5 3 3 8 10 10 8 0 3 4 7 8 7 3 0 9 4 3 3 1 8 1 4 1 5 4 5 7 2 5 9 5 2 1 4 1 5 5 3 3 5 2 8 9 4 5 2 7 9 2 1 1 9 3 10 4 9 6 6 5 0 0 0 9 7 1 10 9 3 6 8 6 10 3 10 7 10 6 7 9 8 9 10 10 7 1 8 6 2 1 8 6 8 5
Vardas83 Pavardė83 6 5 4 8 5 8 5 1 10 0 8 2 9 1 8 9 8 1 10 9 6 5 1 8 5 4 5 5 7 6 7 6 5 2 0 10 4 8 10 3 9 1 10 10 9 1 4 3 1 5 1 1 10 6 8 0 2 1 9 6 0 1 6 6 4 7 5 7 0 5 1 1 9 4 6 4 7 4 9 9 9 4 0 0 8 6 4 10 10 6 5 5 2 6 4 7 0 3 2 1
Vardas84 Pavardė84 8 7 7 0 1 4 1 7 0 4 3 7 4 0 9 5 10 2 2 9 4 1 10 10 9 0 6 7 9 2 10 9 9 7 4 9 2 1 4 0 10 3 7 8 0 2 5 5 0 7 3 4 3 10 6 10 6 1 10 1 10 5 5 10 4 8 1 9 6 7 0 0 2 6 9 0 7 8 1 10 10 2 3 5 1 2 1 1 7 1 10 9 6 10 10 5 6 4 9 3
Vardas85 Pavardė85 5 5 1 9 2 5 10 6 4 8 7 4 0 10 6 2 4 9 2 6 9 10 2 5 10 7 2 1 7 9 6 10 7 9 3 4 0 7 0 10 5 10 7 1 0 7 8 1 1 7 5 3 10 6 7 8 9 10 1 9 1 2 3 10 0 3 4 8 7 0 6 4 10 5 1 7 5 6 1 2 8 1 3 7 3 4 1 1 0 5 8 4 10 2 7 1 0 9 1 9
Vardas86 Pavardė86 3 2 3 10 1 9 9 2 7 2 3 4 8 8 6 2 7 0 5 2 0 1 10 3 1 8 8 9 3 2 9 8 9 7 9 1 5 6 7 3 7 6 2 6 8 1 5 9 5 4 4 10 2 3 5 1 10 5 9 8 3 8 10 1 7 4 6 8 5 8 9 5 5 10 8 8 3 2 6 6 7 9 8 1 5 8 4 3 4 5 8 3 7 4 6 4 0 0 5 5
Vardas87 Pavardė87 2 5 0 6 0 3 2 6 1 5 10 4 0 5 4 7 6 1 9 1 6 4 3 1 7 9 3 10 10 9 6 10 7 1 0 10 6 7 9 7 1 9 7 10 6 0 8 10 0 1 7 8 10 1 4 3 8 0 1 2 2 7 1 7 2 0 3 4 6 7 7 1 10 0 9 4 6 7 0 2 4 1 5 3 9 7 9 9 8 1 4 1 9 9 8 3 8 10 3 10
Vardas88 Pavardė88 10 6 1 0 7 2 6 9 1 8 5 6 10 0 1 10 8 9 1 10 2 3 0 3 9 3 7 6 3 0 8 7 9 6 0 2 4 10 7 7 6 4 9 8 8 5 2 2 7 4 0 5 5 8 8 5 4 2 10 9 2 10 0 7 1 5 7 0 9 5 5 2 8 7 3 6 4 1 4 3 0 0 10 3 10 8 3 7 0 6 9 10 10 2 1 10 0 2 5 8
Vardas89 Pavardė89 8 8 2 8 9 1 5 9 1 0 2 8 7 7 0 6 1 1 7 9 6 6 2 6 8 8 1 2 9 6 1 3 7 7 6 1 9 10 3 5 4 7 0 4 6 7 9 2 9 5 10 5 4 3 2 4 2 5 0 4 6 9 4 0 9 1 3 0 7 7 4 7 4 5 9 10 10 9 3 9 5 4 10 7 4 9 9 4 8 7 1 3 0 4 4 0 8 2 8 10
Vardas90 Pavardė90 0 6 5 2 5 6 6 7 8 4 8 5 4 9 6 10 7 8 10 2 4 0 9 5 10 1 5 4 3 8 2 3 2 5 8 5 5 3 9 9 4 8 8 2 1 5 7 7 4 0 3 9 7 0 4 4 8 10 7 2 5 5 6 7 10 5 1 7 3 9 6 0 5 2 6 4 6 7 2 4 3 2 10 5 5 1 6 5 7 10 6 4 9 4 8 2 3 5 2 7
Vardas91 Pavardė91 1 10 6 6 5 3 7 4 3 6 3 4 7 3 9 10 7 8 5 2 6 5 2 4 9 2 8 6 5 9 4 9 5 1 0 10 7 8 3 4 5 0 7 1 2 10 6 9 7 7 9 10 10 4 7 4 10 3 3 2 7 3 3 0 1 3 9 0 10 2 4 8 1 1 5 1 6 4 2 6 3 4 1 8 8 9 3 9 8 6 8 1 1 2 4 8 2 1 5 5
Vardas92 Pavardė92 1 4 3 9 0 6 5 10 2 0 7 9 6 0 4 1 3 0 6 9 6 5 2 9 1 0 6 5 6 3 4 1 7 5 10 6 10 6 4 2 7 1 4 8 6 5 5 6 5 3 8 7 2 0 3 2 1 6 0 6 0 8 8 7 7 1 7 2 3 2 8 4 1 3 8 0 1 6 3 2 2 10 3 10 9 3 6 10 5 5 6 7 1 2 10 6 9 7 10 6
Vardas93 Pavardė93 5 6 5 8 3 10 4 0 0 6 9 1 5 10 5 0 4 9 2 7 5 8 4 5 7 2 0 6 5 0 1 5 8 3 8 4 0 8 9 0 4 9 8 6 0 2 7 1 8 4 3 5 2 9 9 10 5 1 10 4 6 5 10 1 8 2 6 4 8 4 6 6 1 7 7 9 8 10 10 1 6 10 7 2 8 6 10 10 10 9 10 2 4 10 7 2 5 9 8 2
Vardas94 Pavardė94 4 10 1 0 3 5 7 10 6 8 10 5 0 5 5 4 5 6 3 5 4 1 9 5 6 8 8 1 3 4 1 10 7 7 2 2 0 3 0 10 3 8 7 8 7 8 7 5 10 0 7 2 1 5 5 3 1 3 7 2 5 6 7 4 7 3 10 10 10 5 0 6 8 0 2 6 10 8 10 5 7 7 7 9 6 7 5 10 6 0 7 0 5 8 1 7 1 3 4 9
Vardas95 Pavardė95 3 9 1 4 5 1 6 1 5 3 8 4 5 10 9 6 9 3 5 7 6 3 3 8 4 10 3 1 9 6 0 4 3 1 4 10 4 9 7 4 4 3 9 1 6 6 7 9 8 0 2 3 1 3 0 7 2 9 7 10 0 7 2 2 8 9 0 6 2 4 10 5 10 4 10 7 8 1 9 5 9 0 5 1 3 10 6 9 4 1 3 5 3 6 10 3 7 1 6 0
Vardas96 Pavardė96 0 4 3 1 8 0 6 8 6 4 2 3 8 2 2 1 0 10 9 9 9 7 0 1 0 9 2 0 1 4 8 5 5 2 2 5 5 0 6 6 8 7 4 0 6 2 9 4 5 0 5 2 1 6 6 7 4 8 0 8 0 9 6 8 3 6 6 5 3 1 6 6 3 7 6 7 9 6 3 9 3 9 5 10 0 10 7 1 6 0 9 1 8 3 1 8 1 5 4 6
Vardas97 Pavardė97 8 10 9 6 8 1 4 2 0 3 7 3 7 3 1 6 8 3 3 2 8 4 7 6 10 3 4 1 4 2 6 7 4 9 8 6 4 5 9 4 10 6 1 1 4 1 5 4 5 0 1 6 4 8 1 2 10 9 5 6 7 2 2 9 3 1 8 6 8 8 8 8 9 5 4 3 6 4 2 1 5 8 3 10 1 0 0 8 7 4 8 10 3 8 9 7 4 10 8 9
Vardas98 Pavardė98 0 4 3 6 8 8 7 8 9 1 7 4 7 5 6 2 10 6 7 7 4 1 5 5 8 5 1 6 6 1 4 4 9 10 7 3 3 6 6 1 8 10 10 5 7 3 1 2 3 2 7 10 3 10 7 0 2 7 8 3 1 8 2 0 9 7 3 5 5 3 1 7 8 7 5 8 3 7 5 10 10 5 4 3 1 3 1 9 8 5 1 3 5 3 2 6 7 8 9 10
Vardas99 Pavardė99 4 0 0 2 9 6 2 4 6 1 10 0 1 8 7 1 7 2 3 8 0 7 9 8 10 10 3 8 10 4 5 10 7 9 5 4 4 0 1 0 5 1 6 9 7 7 6 0 0 10 3 6 2 0 7 9 4 10 3 4 5 7 0 4 0 1 10 4 6 1 8 8 7 5 9 9 7 4 9 2 3 5 8 7 10 10 8 0 10 4 2 7 8 1 7 7 7 10 10 9
Vardas100 Pavardė100 3 4 6 5 6 6 3 3 10 7 8 4 10 0 9 3 1 2 4 8 4 10 4 7 5 8 4 8 8 3 1 6 1 8 1 3 3 10 4 3 0 0 3 6 3 10 3 4 3 7 1 4 6 9 8 2 4 1 5 4 2 0 9 2 9 4 8 4 8 4 4 8 4 1 9 8 1 6 7 9 5 9 7 4 4 6 0 2 7 4 6 8 8 10 6 0 8 9 0 6